000000
000001
000010
000011
000100
000101
000110
000111
001000
001001
001010
001011
001100
001101
001110
001111
000000
000001
000010
000011
000100
000101
000110
000111
001000
001001
001010
001011
001100
001101
001110
001111
000000
000001
000010
000011
000100
000101
000110
000111
001000
001001
001010
001011
001100
001101
001110
001111
000000
000001
000010
000011
000100
000101
000110
000111
001000
001001
001010
001011
001100
001101
001110
001111
000000
000001
000010
000011
000100
000101
000110
000111
001000
001001
001010
001011
001100
001101
001110
001111
000000
000001
000010
000011
000100
000101
000110
000111
001000
001001
001010
001011
001100
001101
001110
001111
000000
000001
000010
000011
000100
000101
000110
000111
001000
001001
001010
001011
001100
001101
001110
001111
000000
000001
000010
000011
000100
000101
000110
000111
001000
001001
001010
001011
001100
001101
001110
001111
000000
000001
000010
000011
000100
000101
000110
000111
001000
001001
001010
001011
001100
001101
001110
001111
000000
000001
000010
000011
000100
000101
000110
000111
001000
001001
001010
001011
001100
001101
001110
001111
000000
000001
000010
000011
000100
000101
000110
000111
001000
001001
001010
001011
001100
001101
001110
001111
000000
000001
000010
000011
000100
000101
000110
000111
001000
001001
001010
001011
001100
001101
001110
001111
000000
000001
000010
000011
000100
000101
000110
000111
001000
001001
001010
001011
001100
001101
001110
001111
000000
000001
000010
000011
000100
000101
000110
000111
001000
001001
001010
001011
001100
001101
001110
001111
000000
000001
000010
000011
000100
000101
000110
000111
001000
001001
001010
001011
001100
001101
001110
001111
000000
000001
000010
000011
000100
000101
000110
000111
001000
001001
001010
001011
001100
001101
001110
001111
000000
000001
000010
000011
000100
000101
000110
000111
001000
001001
001010
001011
001100
001101
001110
001111
000001
000010
000011
000100
000101
000110
000111
001000
001001
001010
001011
001100
001101
001110
001111
010000
000010
000011
000100
000101
000110
000111
001000
001001
001010
001011
001100
001101
001110
001111
010000
010001
000011
000100
000101
000110
000111
001000
001001
001010
001011
001100
001101
001110
001111
010000
010001
010010
000100
000101
000110
000111
001000
001001
001010
001011
001100
001101
001110
001111
010000
010001
010010
010011
000101
000110
000111
001000
001001
001010
001011
001100
001101
001110
001111
010000
010001
010010
010011
010100
000110
000111
001000
001001
001010
001011
001100
001101
001110
001111
010000
010001
010010
010011
010100
010101
000111
001000
001001
001010
001011
001100
001101
001110
001111
010000
010001
010010
010011
010100
010101
010110
001000
001001
001010
001011
001100
001101
001110
001111
010000
010001
010010
010011
010100
010101
010110
010111
001001
001010
001011
001100
001101
001110
001111
010000
010001
010010
010011
010100
010101
010110
010111
011000
001010
001011
001100
001101
001110
001111
010000
010001
010010
010011
010100
010101
010110
010111
011000
011001
001011
001100
001101
001110
001111
010000
010001
010010
010011
010100
010101
010110
010111
011000
011001
011010
001100
001101
001110
001111
010000
010001
010010
010011
010100
010101
010110
010111
011000
011001
011010
011011
001101
001110
001111
010000
010001
010010
010011
010100
010101
010110
010111
011000
011001
011010
011011
011100
001110
001111
010000
010001
010010
010011
010100
010101
010110
010111
011000
011001
011010
011011
011100
011101
001111
010000
010001
010010
010011
010100
010101
010110
010111
011000
011001
011010
011011
011100
011101
011110
000000
000001
000010
000011
000100
000101
000110
000111
001000
001001
001010
001011
001100
001101
001110
001111
111111
000000
000001
000010
000011
000100
000101
000110
000111
001000
001001
001010
001011
001100
001101
001110
111110
111111
000000
000001
000010
000011
000100
000101
000110
000111
001000
001001
001010
001011
001100
001101
111101
111110
111111
000000
000001
000010
000011
000100
000101
000110
000111
001000
001001
001010
001011
001100
111100
111101
111110
111111
000000
000001
000010
000011
000100
000101
000110
000111
001000
001001
001010
001011
111011
111100
111101
111110
111111
000000
000001
000010
000011
000100
000101
000110
000111
001000
001001
001010
111010
111011
111100
111101
111110
111111
000000
000001
000010
000011
000100
000101
000110
000111
001000
001001
111001
111010
111011
111100
111101
111110
111111
000000
000001
000010
000011
000100
000101
000110
000111
001000
111000
111001
111010
111011
111100
111101
111110
111111
000000
000001
000010
000011
000100
000101
000110
000111
110111
111000
111001
111010
111011
111100
111101
111110
111111
000000
000001
000010
000011
000100
000101
000110
110110
110111
111000
111001
111010
111011
111100
111101
111110
111111
000000
000001
000010
000011
000100
000101
110101
110110
110111
111000
111001
111010
111011
111100
111101
111110
111111
000000
000001
000010
000011
000100
110100
110101
110110
110111
111000
111001
111010
111011
111100
111101
111110
111111
000000
000001
000010
000011
110011
110100
110101
110110
110111
111000
111001
111010
111011
111100
111101
111110
111111
000000
000001
000010
110010
110011
110100
110101
110110
110111
111000
111001
111010
111011
111100
111101
111110
111111
000000
000001
110001
110010
110011
110100
110101
110110
110111
111000
111001
111010
111011
111100
111101
111110
111111
000000
000000
000000
000000
000000
000000
000000
000000
000000
000000
000000
000000
000000
000000
000000
000000
000000
000000
000001
000010
000011
000100
000101
000110
000111
001000
001001
001010
001011
001100
001101
001110
001111
000000
000000
000001
000001
000010
000010
000011
000011
000100
000100
000101
000101
000110
000110
000111
000111
000000
000000
000000
000001
000001
000001
000010
000010
000010
000011
000011
000011
000100
000100
000100
000101
000000
000000
000000
000000
000001
000001
000001
000001
000010
000010
000010
000010
000011
000011
000011
000011
000000
000000
000000
000000
000000
000001
000001
000001
000001
000001
000010
000010
000010
000010
000010
000011
000000
000000
000000
000000
000000
000000
000001
000001
000001
000001
000001
000001
000010
000010
000010
000010
000000
000000
000000
000000
000000
000000
000000
000001
000001
000001
000001
000001
000001
000001
000010
000010
000000
000000
000000
000000
000000
000000
000000
000000
000001
000001
000001
000001
000001
000001
000001
000001
000000
000000
000000
000000
000000
000000
000000
000000
000000
000001
000001
000001
000001
000001
000001
000001
000000
000000
000000
000000
000000
000000
000000
000000
000000
000000
000001
000001
000001
000001
000001
000001
000000
000000
000000
000000
000000
000000
000000
000000
000000
000000
000000
000001
000001
000001
000001
000001
000000
000000
000000
000000
000000
000000
000000
000000
000000
000000
000000
000000
000001
000001
000001
000001
000000
000000
000000
000000
000000
000000
000000
000000
000000
000000
000000
000000
000000
000001
000001
000001
000000
000000
000000
000000
000000
000000
000000
000000
000000
000000
000000
000000
000000
000000
000001
000001
000000
000000
000000
000000
000000
000000
000000
000000
000000
000000
000000
000000
000000
000000
000000
000001
000000
000000
000000
000000
000000
000000
000000
000000
000000
000000
000000
000000
000000
000000
000000
000000
000000
000000
000000
000000
000000
000000
000000
000000
000000
000000
000000
000000
000000
000000
000000
000000
000000
000000
000000
000000
000000
000000
000000
000000
000000
000000
000000
000000
000000
000000
000000
000000
000000
000000
000000
000000
000000
000000
000000
000000
000000
000000
000000
000000
000000
000000
000000
000000
000000
000000
000000
000000
000000
000000
000000
000000
000000
000000
000000
000000
000000
000000
000000
000000
000000
000000
000000
000000
000000
000000
000000
000000
000000
000000
000000
000000
000000
000000
000000
000000
000000
000000
000000
000000
000000
000000
000000
000000
000000
000000
000000
000000
000000
000000
000000
000000
000000
000000
000000
000000
000000
000000
000000
000000
000000
000000
000000
000000
000000
000000
000000
000000
000000
000000
000000
000000
000000
000000
000000
000000
000000
000000
000000
000000
000000
000000
000000
000000
000000
000000
000000
000000
000000
000000
000000
000000
000000
000000
000000
000000
000000
000000
000000
000000
000000
000000
000000
000000
000000
000000
000000
000000
000000
000000
000000
000000
000000
000000
000000
000000
000000
000000
000000
000000
000000
000000
000000
000000
000000
000000
000000
000000
000000
000000
000000
000000
000000
000000
000000
000000
000000
000000
000000
000000
000000
000000
000000
000000
000000
000000
000000
000000
000000
000000
000000
000000
000000
000000
000000
000000
000000
000000
000000
000000
000000
000000
000000
000000
000000
000000
000000
000000
000000
000000
000000
000000
000000
000000
000000
000000
000000
000000
000000
000000
000000
000000
000000
000000
000000
000000
000000
000000
000000
000000
000000
000000
000000
000000
000000
000000
000000
000010
000100
000110
001000
001010
001100
001110
010000
010010
010100
010110
011000
011010
011100
011110
000000
000010
000100
000110
001000
001010
001100
001110
010000
010010
010100
010110
011000
011010
011100
011110
000000
000010
000100
000110
001000
001010
001100
001110
010000
010010
010100
010110
011000
011010
011100
011110
000000
000010
000100
000110
001000
001010
001100
001110
010000
010010
010100
010110
011000
011010
011100
011110
000000
000010
000100
000110
001000
001010
001100
001110
010000
010010
010100
010110
011000
011010
011100
011110
000000
000010
000100
000110
001000
001010
001100
001110
010000
010010
010100
010110
011000
011010
011100
011110
000000
000010
000100
000110
001000
001010
001100
001110
010000
010010
010100
010110
011000
011010
011100
011110
000000
000010
000100
000110
001000
001010
001100
001110
010000
010010
010100
010110
011000
011010
011100
011110
000000
000010
000100
000110
001000
001010
001100
001110
010000
010010
010100
010110
011000
011010
011100
011110
000000
000010
000100
000110
001000
001010
001100
001110
010000
010010
010100
010110
011000
011010
011100
011110
000000
000010
000100
000110
001000
001010
001100
001110
010000
010010
010100
010110
011000
011010
011100
011110
000000
000010
000100
000110
001000
001010
001100
001110
010000
010010
010100
010110
011000
011010
011100
011110
000000
000010
000100
000110
001000
001010
001100
001110
010000
010010
010100
010110
011000
011010
011100
011110
000000
000010
000100
000110
001000
001010
001100
001110
010000
010010
010100
010110
011000
011010
011100
011110
000000
000010
000100
000110
001000
001010
001100
001110
010000
010010
010100
010110
011000
011010
011100
011110
000000
000010
000100
000110
001000
001010
001100
001110
010000
010010
010100
010110
011000
011010
011100
011110
000000
000000
000001
000001
000010
000010
000011
000011
000100
000100
000101
000101
000110
000110
000111
000111
000000
000000
000001
000001
000010
000010
000011
000011
000100
000100
000101
000101
000110
000110
000111
000111
000000
000000
000001
000001
000010
000010
000011
000011
000100
000100
000101
000101
000110
000110
000111
000111
000000
000000
000001
000001
000010
000010
000011
000011
000100
000100
000101
000101
000110
000110
000111
000111
000000
000000
000001
000001
000010
000010
000011
000011
000100
000100
000101
000101
000110
000110
000111
000111
000000
000000
000001
000001
000010
000010
000011
000011
000100
000100
000101
000101
000110
000110
000111
000111
000000
000000
000001
000001
000010
000010
000011
000011
000100
000100
000101
000101
000110
000110
000111
000111
000000
000000
000001
000001
000010
000010
000011
000011
000100
000100
000101
000101
000110
000110
000111
000111
000000
000000
000001
000001
000010
000010
000011
000011
000100
000100
000101
000101
000110
000110
000111
000111
000000
000000
000001
000001
000010
000010
000011
000011
000100
000100
000101
000101
000110
000110
000111
000111
000000
000000
000001
000001
000010
000010
000011
000011
000100
000100
000101
000101
000110
000110
000111
000111
000000
000000
000001
000001
000010
000010
000011
000011
000100
000100
000101
000101
000110
000110
000111
000111
000000
000000
000001
000001
000010
000010
000011
000011
000100
000100
000101
000101
000110
000110
000111
000111
000000
000000
000001
000001
000010
000010
000011
000011
000100
000100
000101
000101
000110
000110
000111
000111
000000
000000
000001
000001
000010
000010
000011
000011
000100
000100
000101
000101
000110
000110
000111
000111
000000
000000
000001
000001
000010
000010
000011
000011
000100
000100
000101
000101
000110
000110
000111
000111
000000
000001
000001
000001
000001
000001
000001
000001
000001
000001
000001
000001
000001
000001
000001
000001
000000
000000
000001
000001
000001
000001
000001
000001
000001
000001
000001
000001
000001
000001
000001
000001
000000
000000
000000
000001
000001
000001
000001
000001
000001
000001
000001
000001
000001
000001
000001
000001
000000
000000
000000
000000
000001
000001
000001
000001
000001
000001
000001
000001
000001
000001
000001
000001
000000
000000
000000
000000
000000
000001
000001
000001
000001
000001
000001
000001
000001
000001
000001
000001
000000
000000
000000
000000
000000
000000
000001
000001
000001
000001
000001
000001
000001
000001
000001
000001
000000
000000
000000
000000
000000
000000
000000
000001
000001
000001
000001
000001
000001
000001
000001
000001
000000
000000
000000
000000
000000
000000
000000
000000
000001
000001
000001
000001
000001
000001
000001
000001
000000
000000
000000
000000
000000
000000
000000
000000
000000
000001
000001
000001
000001
000001
000001
000001
000000
000000
000000
000000
000000
000000
000000
000000
000000
000000
000001
000001
000001
000001
000001
000001
000000
000000
000000
000000
000000
000000
000000
000000
000000
000000
000000
000001
000001
000001
000001
000001
000000
000000
000000
000000
000000
000000
000000
000000
000000
000000
000000
000000
000001
000001
000001
000001
000000
000000
000000
000000
000000
000000
000000
000000
000000
000000
000000
000000
000000
000001
000001
000001
000000
000000
000000
000000
000000
000000
000000
000000
000000
000000
000000
000000
000000
000000
000001
000001
000000
000000
000000
000000
000000
000000
000000
000000
000000
000000
000000
000000
000000
000000
000000
000001
000000
000000
000000
000000
000000
000000
000000
000000
000000
000000
000000
000000
000000
000000
000000
000000
